53 61  
0 184.20 10.27 40.46 26.18 20.42 10.79  9.42  6.89 10.41  8.08  5.52  8.95 12.51 18.47 32.67 24.44 20.17 19.57 43.49 62.56 22.04 13.37 10.78  7.62  6.75  8.87 13.94 23.90 25.10 26.78 53.10 53.88 352.81 54.33 58.23 36.26 14.69 17.83 21.02 12.90 10.90 15.73 37.00 43.23 25.88 30.70 59.44 37.78 17.69 11.80 11.16 19.32 16.05 16.52 15.74 24.88 33.52 
0 166.85 20.04 103.26 45.08 19.62 11.45 11.48  6.11  9.67  8.82  5.65  8.41  9.17 19.02 20.90 17.00 17.21 22.06 33.48 47.66 18.15 10.39  8.13  7.19  7.31  9.08 15.28 18.49 27.42 24.89 44.56 55.59 386.43 66.08 63.68 37.18 18.62 20.07 17.15 15.27 10.90 14.11 37.77 34.80 29.51 37.68 59.04 35.35 15.23 11.48 10.95 12.06 15.93 21.93 21.07 36.25 46.79 
0 172.29 17.30 113.80 33.35 27.41 13.53 13.78 10.13  5.97 11.25  5.58  6.74 10.05 25.44 36.54 23.50 20.56 30.76 50.23 45.60 24.33 14.58 11.72 11.78 11.26 16.36 26.02 36.71 41.53 28.83 40.20 62.13 337.85 74.54 76.50 41.68 19.17 18.98 13.36 14.32 13.90 19.67 31.70 40.07 39.89 37.76 71.69 58.21 45.00 27.79 26.23 24.21 23.20 28.79 27.22 35.47 40.06 
0 149.37 14.35 79.69 34.24 23.13 12.73  9.43  5.87  6.17  6.54  5.44  9.49 13.04 12.99 17.40 22.61 28.24 19.72 38.66 28.07 13.23 10.41 13.36 14.16 11.16 10.37 15.89 28.73 41.17 40.51 46.28 65.57 378.14 62.32 58.76 37.36 16.70 19.94 21.94 16.66 10.64 15.04 28.74 34.76 26.07 36.97 57.21 72.71 33.90 19.33 14.84 17.21 20.62 27.42 27.05 30.96 38.69 
0 238.12 22.01 55.70 33.64 21.76 18.26 10.28  7.86 11.62  8.76  6.39  9.50 12.48 17.64 26.07 19.73 21.15 21.56 28.73 42.48 15.05 10.50  9.12  6.90  8.20 11.07 16.91 28.45 30.01 30.23 44.26 46.26 334.67 77.31 73.29 37.92 19.52 17.11 17.96 14.19 14.12 17.19 33.26 38.98 29.82 37.00 56.78 36.38 16.87 11.14 12.35 15.36 18.69 23.83 34.37 50.98 43.07 
0 271.57 41.43 72.45 28.69 18.35 12.71 14.83 10.18 11.36 10.60  7.06  7.83 10.84 19.07 23.29 18.63 18.24 31.88 25.89 41.33 17.28 12.03  7.96  7.75  8.61  8.12  9.24 11.62 21.77 18.18 38.11 42.56 317.55 49.15 58.29 39.81 13.79 18.04 12.69 11.40 10.67 13.56 30.47 35.85 27.49 43.44 45.79 64.40 29.53 19.79 11.22 12.73 15.98 16.28 22.90 26.65 36.45
0 249.73 34.18 66.98 31.52 23.62 14.14 10.55  9.86 11.27  8.95  7.91  9.68 11.10 21.30 25.29 18.60 20.23 22.91 35.28 26.63 15.20  8.37  6.76  7.00  9.01 10.05 11.90 14.37 19.08 26.60 32.03 25.30 331.89 65.35 54.80 29.66 14.17 12.29 16.38 13.13 10.79 14.87 21.26 21.66 23.27 30.85 53.15 34.88 16.27 10.69 12.28  9.68 13.38 18.10 12.54 16.85 26.44
0 252.89 34.07 58.12 40.45 26.91 12.28 13.61  8.62  8.29  9.26  6.95 11.28 12.33 19.69 22.78 26.80 24.79 21.42 44.89 38.66 32.94 23.44 16.43 15.08 17.14 12.96 14.53 17.56 18.18 15.61 25.39 23.97 369.55 66.47 55.17 48.22 22.26 18.30 19.09 20.29 12.01 15.46 29.40 38.42 23.99 33.74 69.14 49.30 19.83 16.15 12.42 12.08 15.53 26.18 26.58 47.73 95.23 
0 246.26 36.02 151.28 107.36 36.37 19.01 13.79  8.87 15.14 10.40  8.23 14.60 23.22 25.64 28.85 21.64 32.91 33.41 37.48 37.34 18.13 10.73  8.78  8.35  7.04  6.72  8.44 12.40 12.18 19.84 23.92 25.16 316.40 106.94 109.54 91.56 37.58 25.29 25.06 14.10 11.07 16.45 39.75 36.56 31.50 33.15 62.67 39.39 21.99 14.99 11.29 14.59 26.19 44.73 38.20 34.36 53.96 
0 232.29 17.78 51.02 23.78 18.63  8.28  8.83  5.69  6.81  7.22  4.55  6.57  9.51 20.28 18.09 14.29 14.09 26.78 30.75 33.57 14.92 10.04 10.30  9.21  9.38 14.69 21.14 23.67 28.49 34.18 36.91 69.20 313.88 60.41 67.62 38.92 23.15 15.55 17.13 13.87 11.81 19.01 29.34 38.19 35.25 34.75 53.70 50.15 18.77 15.13 11.60 15.17 25.14 47.23 46.29 60.95 78.74 
0 261.35 29.15 84.01 54.89 23.15 24.33 22.38  9.72 12.95 13.33  6.72  9.58 12.64 20.98 26.83 17.86 19.72 23.31 41.34 29.60 17.39 10.02  6.07  6.16  6.21  5.73  6.63  8.06  8.98  8.72 14.44 13.44 365.60 93.98 66.01 30.49 19.74 22.85 17.02 16.55 11.22 15.97 30.55 36.05 28.90 49.58 48.32 50.30 22.94 13.23 13.09 13.51 14.82 20.10 34.49 45.46 71.40 
1 261.16 35.17 66.75 33.22 26.74 12.07 18.06 13.70 10.44 10.12  6.67  8.29 10.89 22.80 23.55 14.99 14.40 22.83 31.99 43.70 20.65 15.36 11.41  8.18  8.40  8.11 10.81 12.87 14.44 13.34 18.11 20.32 269.54 53.40 50.07 51.60 25.01 22.91 28.67 20.16 15.92 17.92 30.96 50.74 33.14 37.41 92.38 98.55 44.30 30.04 20.03 23.47 30.36 33.05 35.79 37.06 45.23 
1 272.46 34.67 71.50 37.32 24.40 12.19 15.25  9.36 10.85  7.50  7.21  9.60 11.18 18.12 19.11 16.03 19.29 30.89 24.03 29.65 16.83 10.24  7.85  7.34  9.22 10.38 11.10 11.14 10.50 17.20 22.98 17.35 263.82 59.29 51.02 51.68 23.15 17.69 18.49 19.51 15.86 18.15 38.53 51.32 37.82 53.66 56.99 87.40 33.16 26.04 21.76 22.74 29.06 27.99 29.43 29.20 48.12 
1 242.91 28.67 62.63 44.59 29.97 20.37 19.60 14.43 10.90 10.51  6.55 10.27 14.20 23.18 28.75 22.63 22.14 24.52 65.68 49.59 32.91 26.38 20.33 23.82 18.94 20.12 28.20 30.86 47.38 47.46 60.49 73.18 452.95 147.32 101.93 75.47 54.42 29.90 17.03 16.02 12.68 19.40 28.04 31.91 29.08 35.77 43.59 38.66 18.53 12.56  9.58  9.03 17.01 22.88 17.97 45.89 41.39 
1 318.37 39.14 96.89 72.31 25.71 17.38 13.67  8.34 16.45  9.66  8.60 13.36 15.72 22.86 31.08 26.50 34.55 34.17 42.84 30.99 15.05  9.93  9.32  7.72  8.21  8.84 10.28 11.89 12.94 15.30 23.32 18.50 431.06 76.57 62.27 63.40 32.08 22.86 21.43 22.56 14.77 17.24 32.05 34.40 27.52 31.22 68.30 38.24 20.36 14.88 12.19 13.01 11.99 15.83 20.31 29.88 52.11 
1 267.28 33.04 103.34 28.81 21.01 16.29 19.19  9.94  8.84 10.93  7.06 10.11  9.98 11.67 11.77 14.00 13.79 30.66 39.86 24.99 13.99  9.99  8.61 11.55 12.67 18.45 29.96 29.66 27.00 28.21 32.93 28.65 386.75 126.03 125.49 31.20 24.50 17.87 12.65 10.75  9.00 13.89 26.45 25.58 23.06 24.44 52.91 50.29 22.12 16.55 13.03 13.45 24.09 44.80 45.61 40.94 66.06 
1 323.15 35.55 60.72 34.79 35.50 23.75 16.16 11.54 13.73 14.75  9.10 10.23 10.77 19.95 23.25 16.86 18.23 18.13 42.11 31.51 15.73 10.86  8.89  7.44  8.29  7.19  7.59  9.72 11.56 13.49 23.53 32.28  419.91 94.52 82.22 52.31 17.71 18.21 19.45 16.45 12.81 21.20 34.01 28.57 33.90 32.05 62.37 28.94 21.72 16.28 14.16 15.16 19.21 19.01 18.72 25.72 44.79 
0 154.61 13.94 57.00 29.44 25.23  8.55 11.24  6.74  5.77  8.34  5.41  6.20  6.98 15.60 22.01 14.66 14.80 18.72 36.28 39.96 14.35  9.28  7.67  7.29  9.73  8.09 11.15 12.36 23.78 20.45 36.50 44.66 239.71 46.53 40.65 35.90 14.97 14.95 15.28 12.27 10.76 18.93 29.56 52.61 35.26 31.97 74.13 79.94 24.81 18.05 11.91 12.80 20.15 38.00 41.81 66.70 90.68 
0 192.43 32.60 117.66 48.14 30.78 19.09 17.53 10.88 11.38 16.64  9.17 11.35 14.24 28.19 34.79 29.57 21.13 21.65 35.52 41.28 20.11 12.52 11.31  9.49  9.15  9.57 11.49 17.98 34.22 27.28 25.07 31.41 191.07 69.64 61.85 24.73 19.13 19.65 12.88 13.01 11.84 17.96 31.15 44.20 30.89 35.01 71.31 53.30 21.90 15.07 12.28 11.20 12.48 31.05 39.59 39.67 59.03 
0 188.78 22.91 59.50 32.64 22.94 11.50 18.23 10.62  9.37 10.49  7.32 10.13 12.89 25.32 36.11 27.92 25.13 20.72 55.27 40.61 15.34 12.99  8.66  7.08  9.56 11.71 16.61 22.38 23.52 19.89 33.62 49.31 202.23 66.08 52.75 40.38 12.44 17.31  8.94 12.85  8.78 10.98 24.77 33.38 22.39 28.53 63.91 47.00 17.16 12.71 13.12 14.14 17.18 21.79 37.27 46.54 73.13 
0 176.09 14.05 57.75 25.51 17.76  9.69 20.87 15.54 10.26 15.85  9.71  9.79 12.13 22.22 39.08 37.83 27.88 25.05 43.39 59.15 27.43 17.69 18.49 11.37  8.96  7.94 10.57 21.22 29.27 20.53 26.38 45.99 219.53 104.16 101.37 31.81 16.58 16.20 13.75 13.38 10.77 14.41 30.05 31.95 26.89 36.62 60.97 56.87 20.35 13.55 11.70 12.86 22.31 31.76 42.51 56.60 91.20 
0 242.66 15.78 43.78 34.80 23.97  9.24 12.65  6.97  8.40  7.32  5.96  7.19  9.31 19.67 22.16 18.03 17.66 27.97 23.89 47.39 25.14 15.43 11.73  6.87  7.48  8.12 10.31  9.51 14.05 13.76 18.41 22.63 214.02 101.11 86.30 30.72 16.41 15.98 10.41 16.63  8.96 12.64 27.60 35.56 29.91 32.59 57.47 51.51 21.00 17.74 18.42 15.22 21.10 39.85 60.08 46.99 59.57 
0 252.90 18.79 62.40 22.69 17.72  9.69  8.66  5.95 11.24  8.55  5.97  7.67 10.07 13.17 13.50 12.43 16.81 19.07 31.60 28.05 13.82  8.24  6.47  7.46  6.57  6.10 8.87 11.18 8.09 8.47 12.22 16.37 258.36 130.43 105.33 50.03 27.68 24.50 17.62 24.87 15.65 21.96 44.05 57.19 36.46 36.30 61.92 54.00 23.77 18.57 15.44 14.91 18.18 31.36 53.89 41.19 50.16 
0 238.27 20.92 59.02 30.41 22.17  9.58 11.01  8.98 10.79  6.92  5.24  6.76  9.35 19.15 25.22 15.75 17.16 29.48 27.78 34.01 14.52 11.68  9.95  8.32 10.52 14.15 19.46 20.00 19.42 21.61 24.56 19.69 223.70 125.05 78.29 42.92 19.14 22.04 10.27 16.56  9.61 14.15 40.09 55.58 34.04 46.05 81.61 61.70 28.01 19.45 18.94 21.50 38.69 61.22 57.69 59.06 96.01 
0 269.70 17.41 55.12 25.36 22.66  9.41 11.76  7.94 14.58  8.14  6.32  7.70 11.07 23.12 30.30 16.70 16.24 18.90 36.79 30.61 13.47  9.92  6.91  6.16 10.02 11.95  9.57  9.98  9.74 10.62 19.77 19.37 239.06 48.84 50.93 41.23 16.20 18.31 17.57 15.16 12.91 16.38 33.90 41.56 30.17 32.55 60.34 81.95 27.18 15.77 13.14 14.00 15.17 52.56 42.49 42.91 63.25 
0 290.29 34.77 69.71 27.95 19.15 13.61 14.10  9.74 11.40  7.77  5.99  6.81  8.88 13.99 13.16 11.80 11.06 16.28 23.43 27.40 11.85  7.45  6.05  5.80  5.67  6.21  8.32 11.47 11.28 17.41 22.15 18.04 251.49 74.09 60.42 35.49 19.49 27.32 13.86 15.97 13.67 19.30 39.68 59.87 38.05 38.25 88.06 46.28 22.11 15.12 12.44 16.92 25.63 37.68 33.91 43.18 78.78 
0 270.40 36.17 82.71 37.34 21.89 19.21 14.98  9.33 10.73 10.96  6.79  8.63 11.82 23.82 26.44 16.90 17.71 20.68 37.24 29.98 15.29  9.79  7.59  7.09  7.75 10.60 15.13 16.08 26.75 23.06 48.87 46.56  195.37 85.58 68.11 41.08 15.22 13.59  9.31 10.24 10.52 20.40 21.73 32.70 38.98 38.07 60.90 35.22 17.40 21.22 22.98 16.18 23.48 49.32 66.15 68.97 103.70 
0 193.03 24.50 69.40 37.42 22.69 11.01 14.96 14.16 10.35 14.50  7.05  9.82 11.53 19.75 32.59 30.59 21.46 24.16 47.59 65.16 26.30 23.64 19.57 13.11  9.62 14.12 29.66 30.80 34.70 39.92 70.93 84.41  228.40 88.88 60.75 45.03 18.11 39.52 17.84 23.03 13.15 15.78 30.12 41.06 35.21 43.24 71.93 71.15 34.95 20.15 17.67 19.32 23.85 25.83 32.44 39.68 54.06 
1 208.15 11.23 41.29 39.29 27.51 16.72 15.42 10.10 20.29 13.31  8.61 11.16 11.07 19.35 34.13 19.40 23.72 21.93 53.78 70.16 39.48 23.01 18.28 11.95 13.21 16.57 18.50 20.24 21.93 21.37 24.43 27.73 447.99 86.52 75.60 76.13 31.25 23.67 21.21 22.23 15.13 20.67 32.46 28.14 26.65 44.49 61.79 30.60 18.91 12.44 11.04 11.30 15.25 19.11 16.67 25.39 34.57 
1 337.05 43.30 83.37 46.18 28.09 17.46 16.96  8.68 11.29  9.37  7.04  7.43 10.74 18.33 16.92 15.79 17.14 30.07 31.12 21.65 14.07  9.05  6.28  7.68  6.93  8.44 10.00 11.33 10.49 13.71 24.73 21.34 459.06 87.58 69.40 39.39 16.61 15.19 15.89 11.68  9.58 12.47 21.55 27.90 21.58 25.14 53.40 37.97 18.65 15.01 13.20 14.54 21.98 24.37 25.64 24.89 35.65 
1 254.34 23.20 51.20 36.44 27.34 13.67 14.08  8.63 12.80  8.18  5.99  8.20 11.20 23.70 32.13 25.35 21.64 38.52 48.96 31.20 14.75 10.49  9.07  6.31  7.82  7.82 10.00 11.45 16.04 19.11 17.87 11.92 481.64 56.92 46.33 47.72 15.01 16.21 13.70 20.64 10.50 14.27 29.18 50.52 33.15 45.82 48.85 61.59 22.60 14.78 15.05 12.18 16.32 17.75 27.36 34.40 39.95 
1 287.72 50.72 121.22 42.38 19.15 16.49 13.04  7.34  8.29  6.93  5.02  6.50 10.27 16.43 16.21 14.47 15.16 13.31 30.94 39.02 17.77 12.51  9.78  7.92  7.82  9.68 16.47 26.86 29.81 24.90 27.91 41.70  432.91 80.99 78.08 38.90 26.24 32.14 22.77 17.23 15.10 16.44 23.43 48.54 36.48 48.57 77.95 65.24 27.32 17.72 18.73 19.99 24.08 22.32 25.73 34.64 52.91 
1 202.47 11.91 52.61 33.38 29.28 15.46 12.56  8.71 12.14 12.82  8.54 11.02 11.29 25.09 31.61 27.62 18.99 38.82 29.81 63.37 28.86 17.71 16.02 12.10 15.08 15.07 17.43 17.12 17.57 18.85 17.38 32.20  322.92 64.51 89.34 52.35 26.28 33.84 17.05 16.09 12.24 21.87 36.85 43.07 37.88 38.50 103.34 68.99 46.18 35.25 37.20 29.54 43.65 53.77 76.38 91.01 115.93 
1 262.72 15.11 44.08 32.63 18.97 11.73 12.60  7.04  8.28  9.96  5.67  9.16 11.63 18.51 17.43 13.33 16.00 21.42 40.72 34.98 18.53  9.89  7.23  5.52  6.60  7.25  8.45 10.56 11.11 18.17 24.44 22.13 364.39 88.56 74.19 39.16 20.01 20.83 17.28 12.17 13.19 16.89 29.11 30.49 26.86 47.08 44.19 38.98 20.02 12.91 12.73 15.44 18.69 17.97 19.35 35.71 29.97
0 168.65 13.90 71.86 48.08 37.78 15.94 19.34 22.55 17.64 17.28 19.24 18.90 21.77 42.08 35.91 25.17 23.84 40.65 49.30 47.94 20.28  9.72 11.86  9.82  7.44  8.94 10.74 22.07 24.97 22.79 27.77 45.00 230.23 69.47 46.45 28.51 16.81 37.40 15.55 23.79 15.46 18.96 34.87 65.14 52.44 42.10 79.02 77.73 29.61 30.29 17.64 13.69 15.58 37.42 41.69 37.27 70.12 
0 144.26 17.80 57.50 35.40 13.95 12.70 12.97  8.16  8.75  8.12  6.44  8.98 12.08 19.86 27.17 20.90 20.27 20.65 44.31 40.91 18.83 11.75  8.99  7.61  6.97  6.74  8.24 18.34 25.90 20.43 31.44 34.57  257.01 86.60 66.19 36.53 17.33 29.07 15.29 21.26 12.99 18.09 32.01 54.12 40.41 39.04 84.41 82.19 36.05 33.64 20.25 17.71 41.74 51.84 58.72 88.18 140.99 
0 162.94 18.70 88.49 46.83 18.99  9.66 12.95  5.95  7.05 11.32  4.95  6.56  8.50 17.69 22.43 19.27 18.72 19.79 31.86 40.15 19.30 11.04 10.91 10.98 10.24  9.68 14.25 22.78 39.93 29.07 28.88 38.23 219.91 87.06 72.91 59.29 23.43 38.92 29.61 27.98 33.53 31.88 65.92 53.81 39.36 58.17 88.66 56.93 17.95 18.83 15.42 12.66 16.78 36.45 38.22 41.02 69.55 
0 182.79 14.35 37.89 34.64 25.27 10.59 12.28  8.26 11.76 10.00  7.12  9.12 10.54 21.21 27.08 20.86 17.85 20.67 34.64 57.07 28.50 12.67  9.29  7.90  8.42  8.37 10.56 32.39 29.14 24.14 28.78 40.12 407.69 85.16 84.38 47.78 23.46 23.60 18.04 16.06 12.73 16.46 33.25 34.10 30.50 35.07 57.01 42.21 16.65 13.77 13.74 13.47 15.97 15.20 12.60 25.30 28.91 
0 173.83 18.66 69.66 41.00 25.65 10.32 25.50 13.80 11.97 15.30  7.95  8.40 10.41 18.90 25.22 24.17 21.24 26.88 39.90 55.18 27.93 18.07 11.66 10.37 11.37 13.62 14.09 14.84 21.28 19.93 27.37 33.29 345.36 81.28 116.25 41.58 35.10 28.58 19.03 19.93 12.68 18.21 34.72 39.14 30.10 36.93 66.15 38.73 21.06 10.44 10.47  9.32 10.45 13.45 14.29 19.24 22.93
0 276.14 34.11 50.50 31.46 26.88 15.53 11.58 10.22 12.30 13.34  7.25  8.52  9.45 18.99 24.18 17.22 16.45 20.89 38.86 42.22 16.73 10.90  9.82  7.76  7.29  7.61 10.40 15.70 16.72 18.66 39.81 59.79 385.95 80.88 71.27 30.76 22.10 19.30 17.47 12.27 10.29 12.96 22.05 21.53 17.26 24.39 42.01 34.33 13.66 10.00  9.64  9.23 12.83 18.27 21.11 34.81 30.37 
0 236.53 40.39 82.24 72.51 53.22 22.15 23.73  9.10 16.98  8.92  6.46  8.04 11.67 25.54 23.79 19.20 21.21 19.28 38.26 31.10 15.60 12.76  8.83  6.80  7.55 11.69 16.99 26.50 29.61 15.59 24.82 34.75  362.91 92.37 86.86 36.64 27.43 20.18 16.23 17.09 12.02 16.83 37.18 39.96 26.90 32.66 61.48 38.20 18.43 12.55 12.07 14.41 22.59 27.20 43.73 60.09 78.67 
0 291.67 27.61 56.92 32.17 22.05 11.40 14.02  8.51 11.78 10.00  6.39  7.56 10.15 23.91 22.69 18.04 20.34 23.28 34.33 30.61 12.48  8.14  6.80  6.27  7.26  8.23  9.99 13.03 13.98 14.26 24.87 30.76 308.18 74.28 69.91 37.47 18.13 17.34 12.72 13.55 11.25 13.20 22.59 31.76 27.38 39.19 49.52 52.51 29.31 15.50 10.34 10.13 17.44 24.62 20.67 27.98 25.42 
0 287.69 22.25 54.29 28.78 24.01 10.85 13.39  9.30 14.92 10.86  6.39  7.80  9.23 18.46 22.42 17.53 15.67 25.28 30.91 49.96 31.83 16.08 11.55  9.16  9.32 11.81 12.79 15.90 18.51 15.25 22.12 23.34 362.62 89.45 60.55 34.02 18.24 16.67 13.91 12.21 10.33 12.43 24.11 19.44 21.98 25.55 43.35 34.60 13.70 11.52 12.16 11.11 13.68 19.88 20.41 27.38 37.72
0 229.10 34.69 63.19 28.96 24.96 11.17 12.73  7.68  8.24  8.80  5.97  8.05  8.36 14.07 19.45 17.38 17.63 24.67 31.93 33.35 25.10 14.47  9.00  6.37  5.87  7.71 11.45 15.43 12.68 14.07 18.61 14.60 325.74 117.67 237.94 61.53 28.39 17.26 22.35 16.47 16.68 33.86 42.30 43.66 40.43 58.26 64.30 48.39 20.57 14.88 13.61 10.76 12.60 20.23 22.15 39.05 40.49 
0 269.96 40.44 69.81 23.05 21.66 12.14 11.50  7.99  9.04  7.75  6.09  6.67  8.45 15.56 12.12 13.99 12.67 16.02 25.50 27.41 11.54  7.74  6.91  7.59  6.98  6.86  8.90 11.47 15.17  9.46 21.74 22.98 304.45 53.40 54.32 29.21 12.40 13.17 10.26 11.01  8.38 13.57 30.84 29.33 22.02 40.02 52.40 41.01 18.67 16.50 15.54 17.43 33.54 38.69 50.07 55.98 105.51
0 306.02 38.00 72.07 39.18 30.18 15.54 16.35  9.92 12.16 10.36  7.50  8.66 10.92 21.56 20.52 19.84 18.56 22.28 32.09 35.90 14.39  8.74  8.44  8.21  8.36  8.77  9.78  9.49  7.36 10.23 19.06 16.66  313.75 65.58 61.61 35.84 14.70 16.68 17.88 10.87  9.51 13.26 30.23 37.69 26.02 42.70 50.75 42.09 19.27 16.64 14.79 18.56 30.71 33.09 31.59 39.69 33.32 
1 294.93 25.54 65.80 44.68 31.29 14.91 21.26 11.88 15.11  9.34  7.46  7.87 10.21 18.51 32.35 19.80 18.68 24.35 31.15 32.42 16.01 13.55  9.73  8.95 11.37 12.07 15.01 19.51 16.75 13.60 25.04 24.73 349.32 84.90 69.07 39.97 20.92 30.10 16.19 15.65 11.15 16.61 35.50 35.16 22.51 33.24 58.10 56.02 27.68 19.10 13.58 13.11 16.56 22.00 21.26 27.75 32.43 
1 325.17 35.93 74.79 34.30 20.82 14.96 20.30 15.37 15.49 10.84  8.16 10.54  9.56 14.74 28.98 25.39 21.14 31.53 44.16 52.28 24.64 13.84 10.84 10.90 12.29 12.89 14.90 12.95 16.79 14.52 27.99 31.61 388.28 78.77 77.81 50.82 21.77 30.45 24.28 14.70 12.69 14.94 29.24 49.31 30.04 38.52 51.76 41.32 24.05 16.08 15.03 20.52 22.40 31.31 24.75 33.55 40.75 
1 369.75 18.65 45.09 27.07 30.81 11.38 10.43  7.25  9.38 13.99  6.09  7.67  9.24 18.65 30.36 23.77 22.40 27.76 28.87 42.63 22.60 11.08  9.00  9.10  8.18  7.88 10.34 10.81 15.82 16.99 23.54 24.58 342.27 51.01 53.76 32.83 18.26 17.87 12.29 15.07 10.80 17.24 29.70 26.59 23.01 34.52 64.86 47.07 20.01 12.14  9.22 11.59 13.25 16.92 20.76 37.04 37.38 
1 336.86 35.26 67.14 46.40 43.73 24.96 16.78 11.19 14.09 14.40  8.77 10.16 14.93 19.18 19.52 14.45 18.13 30.55 38.85 24.24 12.58 10.76  7.37  6.60  6.80  7.66  9.64 12.10 10.12 11.26 18.23 21.73 357.04 105.54 87.89 33.72 25.64 27.03 14.02 16.79 12.82 16.82 18.96 20.63 22.95 42.60 63.45 31.36 18.77 14.34 19.06 24.00 44.86 49.00 44.24 52.44 46.46 
1 337.83 56.74 106.02 54.87 46.56 36.71 24.65 12.82 11.16 10.13  7.23  9.18 14.04 16.80 18.95 19.61 17.82 22.01 23.89 30.56 15.65  9.33  7.57  5.95  5.56  6.08 12.14 14.30 10.29 16.37 33.36 23.68 423.79 99.86 143.52 44.04 24.28 18.46 23.66 15.52 16.61 24.50 37.04 48.39 50.47 54.24 71.09 38.90 18.99 15.09 12.77 13.55 16.70 19.40 21.57 33.43 32.12
1 347.20 35.61 69.37 32.59 24.86 11.90 10.30  7.24 10.65  7.68  5.44  6.31  8.83 13.22 17.44 14.36 13.62 14.73 33.32 29.33 15.11 10.04  9.06  7.97  8.62 10.25 13.95 14.48 15.61 15.99 14.97 23.17 335.48 61.32 66.75 42.12 21.01 18.44 19.72 12.91 10.87 16.42 38.84 47.44 37.76 55.99 77.48 39.94 18.75 14.77 10.72 12.70 15.69 19.30 28.15 31.41 20.56
1 315.37 37.63 79.73 39.74 32.22 12.57 11.32  9.41 12.72 10.67  7.33  9.49 15.20 20.97 18.46 15.58 27.90 15.67 41.50 21.39 13.85 12.65  9.51  8.35  9.46  9.75 11.84 11.61 11.10 13.35 17.56 29.14 448.59 93.27 103.89 47.18 25.75 22.01 16.82 15.11 11.21 15.29 28.81 27.09 25.20 46.07 48.97 29.92 18.15 10.42 12.11 12.26 16.19 18.70 16.86 34.42 36.12 

