53 41 
0 518.35 178.87 63.43 40.01 35.40 24.00 57.15 81.89 93.39 123.57 52.03 36.53 49.48 79.02 82.25 88.21 313.75 65.58 61.61 35.84 14.70 16.68 17.88 10.87  9.51 13.26 30.23 37.69 26.02 42.70 50.75 42.09 19.27 16.64 14.79 18.56 30.71 33.09 31.59 39.69 33.32 
0 574.24 160.93 64.06 39.41 45.47 28.03 68.70 93.94 70.14 134.93 46.60 26.06 44.03 39.25 40.72 78.29 352.81 54.33 58.23 36.26 14.69 17.83 21.02 12.90 10.90 15.73 37.00 43.23 25.88 30.70 59.44 37.78 17.69 11.80 11.16 19.32 16.05 16.52 15.74 24.88 33.52 
0 638.52 178.17 66.92 45.03 43.57 27.93 68.36 81.30 87.46 129.58 40.97 26.11 31.13 46.12 56.60 111.59 386.43 66.08 63.68 37.18 18.62 20.07 17.15 15.27 10.90 14.11 37.77 34.80 29.51 37.68 59.04 35.35 15.23 11.48 10.95 12.06 15.93 21.93 21.07 36.25 46.79 
0 619.89 166.02 69.66 45.44 51.53 28.35 55.50 79.83 82.19 161.87 95.30 41.36 42.37 57.67 67.42 91.15 378.14 62.32 58.76 37.36 16.70 19.94 21.94 16.66 10.64 15.04 28.74 34.76 26.07 36.97 57.21 72.71 33.90 19.33 14.84 17.21 20.62 27.42 27.05 30.96 38.69 
0 567.86 196.90 75.48 40.91 40.34 35.26 64.99 87.48 86.66 123.50 46.99 27.50 38.25 52.67 91.76 114.06 334.67 77.31 73.29 37.92 19.52 17.11 17.96 14.19 14.12 17.19 33.26 38.98 29.82 37.00 56.78 36.38 16.87 11.14 12.35 15.36 18.69 23.83 34.37 50.98 43.07 
0 573.97 197.02 78.31 44.47 35.05 36.57 64.28 99.10 92.27 167.30 112.29 62.95 60.07 64.26 67.67 99.04 337.85 74.54 76.50 41.68 19.17 18.98 13.36 14.32 13.90 19.67 31.70 40.07 39.89 37.76 71.69 58.21 45.00 27.79 26.23 24.21 23.20 28.79 27.22 35.47 40.06 
0 516.91 156.94 66.41 39.24 31.43 26.32 58.10 80.33 90.94 143.02 80.78 37.06 31.23 39.68 55.76 82.35 317.55 49.15 58.29 39.81 13.79 18.04 12.69 11.40 10.67 13.56 30.47 35.85 27.49 43.44 45.79 64.40 29.53 19.79 11.22 12.73 15.98 16.28 22.90 26.65 36.45 
0 543.44 170.13 54.80 29.22 39.59 27.32 46.44 51.96 71.75 119.28 43.78 27.93 25.37 40.24 33.08 57.47 331.89 65.35 54.80 29.66 14.17 12.29 16.38 13.13 10.79 14.87 21.26 21.66 23.27 30.85 53.15 34.88 16.27 10.69 12.28  9.68 13.38 18.10 12.54 16.85 26.44 
0 620.51 163.79 84.81 43.58 51.24 31.56 57.05 82.62 74.72 162.18 55.19 34.99 29.84 52.49 70.95 200.03 369.55 66.47 55.17 48.22 22.26 18.30 19.09 20.29 12.01 15.46 29.40 38.42 23.99 33.74 69.14 49.30 19.83 16.15 12.42 12.08 15.53 26.18 26.58 47.73 95.23 
0 553.81 309.61 150.57 65.60 51.72 29.03 74.68 85.62 81.26 138.50 56.57 31.15 38.69 87.42 90.10 119.21 316.40 106.94 109.54 91.56 37.58 25.29 25.06 14.10 11.07 16.45 39.75 36.56 31.50 33.15 62.67 39.39 21.99 14.99 11.29 14.59 26.19 44.73 38.20 34.36 53.96 
0 520.29 178.60 79.88 36.25 40.71 31.86 60.44 91.46 85.34 142.43 50.83 31.99 38.69 91.42 120.63 181.23 313.88 60.41 67.62 38.92 23.15 15.55 17.13 13.87 11.81 19.01 29.34 38.19 35.25 34.75 53.70 50.15 18.77 15.13 11.60 15.17 25.14 47.23 46.29 60.95 78.74 
0 625.94 202.08 62.10 50.04 43.89 29.81 59.95 83.72 100.06 134.74 58.36 31.45 33.43 41.91 80.15 161.63 365.60 93.98 66.01 30.49 19.74 22.85 17.02 16.55 11.22 15.97 30.55 36.05 28.90 49.58 48.32 50.30 22.94 13.23 13.09 13.51 14.82 20.10 34.49 45.46 71.40 
1 760.65 259.02 91.07 51.30 41.26 29.00 58.41 65.18 94.50 105.50 46.02 27.85 30.93 42.72 48.63 92.02 448.59 93.27 103.89 47.18 25.75 22.01 16.82 15.11 11.21 15.29 28.81 27.09 25.20 46.07 48.97 29.92 18.15 10.42 12.11 12.26 16.19 18.70 16.86 34.42 36.12
1 555.11 175.20 81.95 45.45 41.89 28.51 70.02 115.11 120.38 159.98 50.25 30.61 31.39 43.05 70.35 59.41 335.48 61.32 66.75 42.12 21.01 18.44 19.72 12.91 10.87 16.42 38.84 47.44 37.76 55.99 77.48 39.94 18.75 14.77 10.72 12.70 15.69 19.30 28.15 31.41 20.56 
1 714.99 337.78 86.18 44.02 52.22 44.06 77.35 115.06 137.99 146.81 49.80 34.03 34.06 44.42 56.66 83.59 423.79 99.86 143.52 44.04 24.28 18.46 23.66 15.52 16.61 24.50 37.04 48.39 50.47 54.24 71.09 38.90 18.99 15.09 12.77 13.55 16.70 19.40 21.57 33.43 32.12
1 600.63 264.10 74.51 58.27 39.50 34.39 43.47 51.51 89.11 129.46 47.81 40.45 62.69 119.12 110.59 122.86 357.04 105.54 87.89 33.72 25.64 27.03 14.02 16.79 12.82 16.82 18.96 20.63 22.95 42.60 63.45 31.36 18.77 14.34 19.06 24.00 44.86 49.00 44.24 52.44 46.46 
1 555.65 153.23 61.37 39.27 36.50 29.70 60.31 61.58 74.82 151.64 56.47 25.41 27.77 38.04 58.79 92.98 342.27 51.01 53.76 32.83 18.26 17.87 12.29 15.07 10.80 17.24 29.70 26.59 23.01 34.52 64.86 47.07 20.01 12.14  9.22 11.59 13.25 16.92 20.76 37.04 37.38 
0 324.10 185.78 53.32 42.18 33.74 30.92 64.02 96.03 81.98 170.60 60.72 33.12 27.39 53.91 92.18 132.29 191.07 69.64 61.85 24.73 19.13 19.65 12.88 13.01 11.84 17.96 31.15 44.20 30.89 35.01 71.31 53.30 21.90 15.07 12.28 11.20 12.48 31.05 39.59 39.67 59.03 
0 337.26 172.77 67.46 35.96 28.25 23.16 45.26 73.37 67.25 152.17 47.03 29.95 35.61 47.26 88.57 162.72 202.23 66.08 52.75 40.38 12.44 17.31  8.94 12.85  8.78 10.98 24.77 33.38 22.39 28.53 63.91 47.00 17.16 12.71 13.12 14.14 17.18 21.79 37.27 46.54 73.13 
0 374.35 296.55 62.14 35.16 36.96 28.18 56.53 75.65 78.38 162.61 56.70 30.64 32.97 67.67 104.95 200.48 219.53 104.16 101.37 31.81 16.58 16.20 13.75 13.38 10.77 14.41 30.05 31.95 26.89 36.62 60.97 56.87 20.35 13.55 11.70 12.86 22.31 31.76 42.51 56.60 91.20 
0 363.99 270.16 57.34 37.74 36.75 23.03 52.53 83.38 77.21 144.07 60.19 43.87 39.82 74.65 138.00 134.36 214.02 101.11 86.30 30.72 16.41 15.98 10.41 16.63  8.96 12.64 27.60 35.56 29.91 32.59 57.47 51.51 21.00 17.74 18.42 15.22 21.10 39.85 60.08 46.99 59.57  
0 451.01 330.85 99.71 56.79 56.01 41.09 85.36 128.34 85.71 153.54 65.00 41.44 37.51 59.31 122.89 113.58 258.36 130.43 105.33 50.03 27.68 24.50 17.62 24.87 15.65 21.96 44.05 57.19 36.46 36.30 61.92 54.00 23.77 18.57 15.44 14.91 18.18 31.36 53.89 41.19 50.16
0 379.95 293.99 81.84 47.81 34.40 24.66 71.39 119.74 102.66 191.83 77.68 46.95 55.56 125.88 140.75 206.51 223.70 125.05 78.29 42.92 19.14 22.04 10.27 16.56  9.61 14.15 40.09 55.58 34.04 46.05 81.61 61.70 28.01 19.45 18.94 21.50 38.69 61.22 57.69 59.06 96.01 
0 394.40 145.07 71.63 40.96 43.49 32.47 63.88 95.54 77.51 183.66 81.59 34.37 33.57 86.55 106.25 138.53 239.06 48.84 50.93 41.23 16.20 18.31 17.57 15.16 12.91 16.38 33.90 41.56 30.17 32.55 60.34 81.95 27.18 15.77 13.14 14.00 15.17 52.56 42.49 42.91 63.25 
0 423.49 184.24 68.79 57.62 39.71 34.94 76.70 127.91 91.56 191.60 56.62 31.34 42.80 78.53 86.65 166.32 251.49 74.09 60.42 35.49 19.49 27.32 13.86 15.97 13.67 19.30 39.68 59.87 38.05 38.25 88.06 46.28 22.11 15.12 12.44 16.92 25.63 37.68 33.91 43.18 78.78 
0 327.95 227.49 71.65 30.59 25.42 29.93 52.06 80.28 95.60 133.54 47.18 55.04 43.04 90.17 163.09 223.91 195.37 85.58 68.11 41.08 15.22 13.59  9.31 10.24 10.52 20.40 21.73 32.70 38.98 38.07 60.90 35.22 17.40 21.22 22.98 16.18 23.48 49.32 66.15 68.97 103.70 
0 385.59 220.88 71.88 78.68 54.42 32.75 58.84 98.70 96.27 190.03 91.75 43.93 50.09 58.10 82.29 121.77  228.40 88.88 60.75 45.03 18.11 39.52 17.84 23.03 13.15 15.78 30.12 41.06 35.21 43.24 71.93 71.15 34.95 20.15 17.67 19.32 23.85 25.83 32.44 39.68 54.06 
1 640.88 220.98 92.35 66.39 48.73 30.67 57.64 104.29 85.79 127.28 58.95 37.21 46.92 69.47 60.41 100.01 388.28 78.77 77.81 50.82 21.77 30.45 24.28 14.70 12.69 14.94 29.24 49.31 30.04 38.52 51.76 41.32 24.05 16.08 15.03 20.52 22.40 31.31 24.75 33.55 40.75 
1 592.67 199.84 77.53 63.53 41.05 29.97 67.59 76.91 74.57 151.45 71.65 39.01 33.03 47.61 55.67 77.13 349.32 84.90 69.07 39.97 20.92 30.10 16.19 15.65 11.15 16.61 35.50 35.16 22.51 33.24 58.10 56.02 27.68 19.10 13.58 13.11 16.56 22.00 21.26 27.75 32.43 
1 614.21 217.55 73.17 49.25 36.67 33.68 58.64 70.25 100.42 107.36 53.77 30.38 39.40 44.31 55.79 80.33 364.39 88.56 74.19 39.16 20.01 20.83 17.28 12.17 13.19 16.89 29.11 30.49 26.86 47.08 44.19 38.98 20.02 12.91 12.73 15.44 18.69 17.97 19.35 35.71 29.97 
1 543.20 214.33 100.56 68.16 42.76 33.70 74.82 102.74 93.61 230.61 118.02 88.20 78.63 118.37 189.92 267.11 322.92 64.51 89.34 52.35 26.28 33.84 17.05 16.09 12.24 21.87 36.85 43.07 37.88 38.50 103.34 68.99 46.18 35.25 37.20 29.54 43.65 53.77 76.38 91.01 115.93 
1 722.19 218.05 71.53 71.39 52.59 37.45 48.67 108.72 105.27 193.02 76.71 43.48 50.38 55.76 62.64 119.86 432.91 80.99 78.08 38.90 26.24 32.14 22.77 17.23 15.10 16.44 23.43 48.54 36.48 48.57 77.95 65.24 27.32 17.72 18.73 19.99 24.08 22.32 25.73 34.64 52.91 
1 776.90 144.36 84.33 35.37 46.72 27.55 55.88 108.38 100.02 143.58 66.53 36.20 32.15 42.31 65.97 96.45 481.64 56.92 46.33 47.72 15.01 16.21 13.70 20.64 10.50 14.27 29.18 50.52 33.15 45.82 48.85 61.59 22.60 14.78 15.05 12.18 16.32 17.75 27.36 34.40 39.95 
0 380.33 166.52 54.72 72.84 52.19 39.06 68.98 153.62 106.08 204.99 89.83 59.51 33.84 64.06 99.44 145.30 230.23 69.47 46.45 28.51 16.81 37.40 15.55 23.79 15.46 18.96 34.87 65.14 52.44 42.10 79.02 77.73 29.61 30.29 17.64 13.69 15.58 37.42 41.69 37.27 70.12 
0 436.20 213.06 67.31 58.24 49.71 33.79 62.87 126.26 90.95 225.95 99.53 65.23 47.70 121.35 149.46 311.34 257.01 86.60 66.19 36.53 17.33 29.07 15.29 21.26 12.99 18.09 32.01 54.12 40.41 39.04 84.41 82.19 36.05 33.64 20.25 17.71 41.74 51.84 58.72 88.18 140.99 
0 365.29 239.79 107.11 83.75 70.09 75.96 127.97 121.83 129.51 194.37 59.35 43.39 32.79 66.23 95.44 146.08  219.91 87.06 72.91 59.29 23.43 38.92 29.61 27.98 33.53 31.88 65.92 53.81 39.36 58.17 88.66 56.93 17.95 18.83 15.42 12.66 16.78 36.45 38.22 41.02 69.55
0 688.01 222.50 91.42 52.63 44.97 32.32 65.25 80.79 81.48 136.00 45.98 33.35 34.36 38.46 35.42 71.39 407.69 85.16 84.38 47.78 23.46 23.60 18.04 16.06 12.73 16.46 33.25 34.10 30.50 35.07 57.01 42.21 16.65 13.77 13.74 13.47 15.97 15.20 12.60 25.30 28.91 
0 581.05 277.65 95.05 64.03 52.50 32.67 67.44 89.28 86.24 141.64 54.55 24.51 23.83 29.41 35.47 55.73 345.36 81.28 116.25 41.58 35.10 28.58 19.03 19.93 12.68 18.21 34.72 39.14 30.10 36.93 66.15 38.73 21.06 10.44 10.47  9.32 10.45 13.45 14.29 19.24 22.93 
0 650.12 195.28 65.50 47.66 38.33 25.62 45.81 49.89 54.93 101.53 38.42 23.66 23.82 39.67 57.97 80.14 385.95 80.88 71.27 30.76 22.10 19.30 17.47 12.27 10.29 12.96 22.05 21.53 17.26 24.39 42.01 34.33 13.66 10.00  9.64  9.23 12.83 18.27 21.11 34.81 30.37 
0 613.10 240.01 82.24 48.66 43.29 30.90 71.40 86.73 76.72 134.38 50.07 29.28 36.82 62.52 100.02 190.73 362.91 92.37 86.86 36.64 27.43 20.18 16.23 17.09 12.02 16.83 37.18 39.96 26.90 32.66 61.48 38.20 18.43 12.55 12.07 14.41 22.59 27.20 43.73 60.09 78.67 
0 527.66 184.18 72.22 40.83 34.06 28.06 45.01 73.51 84.49 130.87 78.83 30.55 27.25 53.92 53.40 66.50 308.18 74.28 69.91 37.47 18.13 17.34 12.72 13.55 11.25 13.20 22.59 31.76 27.38 39.19 49.52 52.51 29.31 15.50 10.34 10.13 17.44 24.62 20.67 27.98 25.42 
0 620.78 185.55 67.55 38.99 33.61 25.54 48.07 52.24 57.41 105.72 38.41 28.96 27.80 40.99 49.20 89.65 362.62 89.45 60.55 34.02 18.24 16.67 13.91 12.21 10.33 12.43 24.11 19.44 21.98 25.55 43.35 34.60 13.70 11.52 12.16 11.11 13.68 19.88 20.41 27.38 37.72 
0 564.65 517.17 110.90 45.18 50.97 45.71 97.75 101.35 132.78 149.10 57.57 34.17 27.53 41.78 64.44 98.19 325.74 117.67 237.94 61.53 28.39 17.26 22.35 16.47 16.68 33.86 42.30 43.66 40.43 58.26 64.30 48.39 20.57 14.88 13.61 10.76 12.60 20.23 22.15 39.05 40.49 
0 500.22 149.52 53.79 29.07 28.01 22.29 59.76 64.63 81.64 128.85 49.73 39.06 48.43 89.61 125.78 212.88 304.45 53.40 54.32 29.21 12.40 13.17 10.26 11.01  8.38 13.57 30.84 29.33 22.02 40.02 52.40 41.01 18.67 16.50 15.54 17.43 33.54 38.69 50.07 55.98 105.51 
1 744.23 227.00 137.16 55.99 57.06 37.88 68.17 67.92 97.75 125.85 46.50 27.89 28.96 43.58 42.78 80.12 447.99 86.52 75.60 76.13 31.25 23.67 21.21 22.23 15.13 20.67 32.46 28.14 26.65 44.49 61.79 30.60 18.91 12.44 11.04 11.30 15.25 19.11 16.67 25.39 34.57 
1 765.63 203.79 73.34 35.06 36.65 23.53 44.28 63.51 56.69 125.47 50.04 33.98 37.83 56.93 63.14 76.88 459.06 87.58 69.40 39.39 16.61 15.19 15.89 11.68  9.58 12.47 21.55 27.90 21.58 25.14 53.40 37.97 18.65 15.01 13.20 14.54 21.98 24.37 25.64 24.89 35.65 
1 706.03 238.59 89.54 41.43 46.74 33.73 72.71 67.66 87.31 125.57 52.98 35.68 38.48 46.88 49.09 94.08 419.91 94.52 82.22 52.31 17.71 18.21 19.45 16.45 12.81 21.20 34.01 28.57 33.90 32.05 62.37 28.94 21.72 16.28 14.16 15.16 19.21 19.01 18.72 25.72 44.79 
1 676.94 326.98 71.22 40.78 30.39 23.06 53.55 61.35 56.81 140.22 60.29 35.25 35.23 87.33 109.02 140.23 386.75 126.03 125.49 31.20 24.50 17.87 12.65 10.75  9.00 13.89 26.45 25.58 23.06 24.44 52.91 50.29 22.12 16.55 13.03 13.45 24.09 44.80 45.61 40.94 66.06 
1 717.32 191.14 118.29 55.38 56.95 38.62 61.65 80.18 72.46 147.61 52.71 32.62 30.96 34.72 50.20 112.43 431.06 76.57 62.27 63.40 32.08 22.86 21.43 22.56 14.77 17.24 32.05 34.40 27.52 31.22 68.30 38.24 20.36 14.88 12.19 13.01 11.99 15.83 20.31 29.88 52.11 
1 789.22 321.61 166.56 74.93 42.55 32.92 61.68 77.11 79.65 108.98 49.79 26.97 23.40 52.92 53.61 114.17 452.95 147.32 101.93 75.47 54.42 29.90 17.03 16.02 12.68 19.40 28.04 31.91 29.08 35.77 43.59 38.66 18.53 12.56  9.58  9.03 17.01 22.88 17.97 45.89 41.39 
1 428.81 171.97 89.48 42.50 49.86 39.08 72.94 118.26 115.75 186.50 92.81 56.18 60.41 69.21 72.81 99.44 263.82 59.29 51.02 51.68 23.15 17.69 18.49 19.51 15.86 18.15 38.53 51.32 37.82 53.66 56.99 87.40 33.16 26.04 21.76 22.74 29.06 27.99 29.43 29.20 48.12 
1 438.88 161.21 88.47 51.06 67.14 39.54 61.10 106.92 91.50 248.35 124.17 60.37 59.80 77.50 86.56 104.43 269.54 53.40 50.07 51.60 25.01 22.91 28.67 20.16 15.92 17.92 30.96 50.74 33.14 37.41 92.38 98.55 44.30 30.04 20.03 23.47 30.36 33.05 35.79 37.06 45.23 
0 389.05 133.34 62.14 32.60 36.97 29.03 62.28 114.07 79.41 212.39 70.29 36.73 31.30 76.01 103.99 214.09 239.71 46.53 40.65 35.90 14.97 14.95 15.28 12.27 10.76 18.93 29.56 52.61 35.26 31.97 74.13 79.94 24.81 18.05 11.91 12.80 20.15 38.00 41.81 66.70 90.68